Group	PC1	PC2	PC3	PC4	PC5	PC6	PC7	PC8	PC9	PC10	PC11	PC12	PC13	PC14	PC15	PC16	PC17	PC18	PC19	PC20
P_Dav	-0.247539	-0.152597	0.00769463	-0.327984	0.0169367	0.347964	-0.232049	-0.167872	-0.12174	-0.0462028	-0.0126001	0.178203	0.150413	0.0311706	0.712777	-0.0116801	0.0149056	0.05131	-0.0544038	-0.00263848
P_Dav	-0.245832	-0.151534	-0.0029153	-0.289516	-0.0225252	0.274503	-0.293706	-0.10159	-0.202913	-0.0877267	-0.0467336	0.36915	0.0543088	0.0418683	-0.6657	-0.0183955	-0.0154026	-0.0847004	0.0235396	-0.00529007
P_Dav	-0.24522	-0.145376	-0.00328546	-0.106198	-0.121661	-0.447722	0.305665	-0.0454645	-0.739466	-0.0849217	-0.0154404	-0.151844	-0.0374582	0.00177522	0.03655	0.0100438	-0.0151318	0.00124246	0.00829209	-0.00296182
P_Kara	0.077651	-0.0107146	-0.240192	0.00278819	6.78778e-05	-0.00174602	-0.00398054	0.00409492	-0.00327048	0.00218506	0.0377222	0.00273688	-0.0182668	0.0368724	0.00158417	-0.158176	-0.186141	0.0124564	0.0383188	-0.0951623
P_Kara	0.0773836	-0.00905412	-0.227744	0.0073522	-0.000806056	-0.00160301	-0.00100905	-0.0107213	-0.00159331	-0.00656443	0.0114591	0.00171325	-0.00787708	-0.00388443	0.00704844	-0.0878702	-0.0324876	-0.00613447	0.00507518	-0.0185701
P_Kara	0.0764543	-0.00826619	-0.227777	0.00563476	-0.00298864	-0.00281773	-0.00213686	-0.00345565	0.00837645	-0.00846212	0.0472458	0.000303662	-0.00992904	-0.0165982	0.000537223	-0.170947	-0.0793497	-0.0161141	-0.0236077	-0.0866511
P_Kara	0.0773995	-0.0101152	-0.223992	6.64086e-07	-0.000339079	-0.00610951	-0.00114245	0.00177322	0.00406674	-0.00615442	0.0511958	0.0020517	-0.0151566	-0.00710566	-0.00946074	-0.14239	-0.0675896	-0.0140034	-0.0314399	-0.0387232
P_Kara	0.0764275	-0.00996773	-0.19342	-0.000314099	-0.00675687	-0.00112041	0.000313193	-0.00393752	0.00355418	0.000282999	0.0380466	0.000455536	-0.00736998	-0.00406078	0.00217863	-0.143054	-0.106359	-0.00537625	-0.00157848	-0.0756925
P_Kara	0.0750786	-0.00845893	-0.255966	0.00335346	-0.00653437	0.00584466	0.0044057	0.00160722	-0.00300706	-0.00235523	0.026963	0.00205836	-0.0103352	-0.00305131	0.0173061	-0.213776	-0.19221	0.0217001	-0.0108362	-0.228374
P_Dav	-0.246463	-0.147234	0.000253218	-0.246378	-0.0805978	0.0351474	-0.187436	0.0342921	0.272806	-0.362816	0.0316759	-0.757708	-0.000929167	0.00308452	-0.107089	0.00315372	-0.00509937	0.0219919	0.0455815	0.00121847
P_Dav	-0.247119	-0.148667	0.00845954	0.543736	0.0452086	0.0373132	-0.162125	0.0338715	-0.0566436	0.00596586	0.00569059	1.94605e-05	0.196141	0.0515469	-0.0629502	-0.00763288	0.0344487	0.721332	-0.00419592	-0.014608
P_Dav	-0.246711	-0.152083	0.00402553	0.542892	0.0442087	-0.0197136	-0.185976	0.0477572	-0.0244743	0.0437652	0.00658124	-0.0571372	0.307438	0.0359177	0.0655594	-0.0142537	-0.0392276	-0.673523	0.0333726	0.0206534
P_Dav	-0.24761	-0.148856	0.00405315	0.23969	0.0442123	0.085776	-0.0170113	0.0209492	0.0676836	-0.142164	0.00475134	0.133257	-0.872656	-0.09596	0.0839648	0.0398808	0.00715306	-0.0730239	-0.0692465	-0.00497922
P_Kans	-0.172517	0.336486	0.000427565	0.0127532	-0.297075	0.265778	0.19814	0.381792	-0.0393994	0.0161929	-0.017281	0.0250896	-0.0594615	0.426679	0.047072	-0.0463453	0.0607893	-0.0100114	0.530112	0.0757977
P_Kans	-0.16658	0.407885	0.0105381	-0.0574099	0.355487	-0.171713	-0.0645905	0.00218933	0.0267292	-0.0439811	-0.0217974	-0.00979968	-0.0331167	0.584316	-0.0226654	-0.0575966	0.0773851	-0.0219123	-0.515479	-0.00500061
P_Kans	-0.145551	0.423167	0.00941914	0.0860211	-0.565809	0.204795	0.0742522	0.0511125	-0.0322979	0.00629295	0.00570269	-0.0270301	0.0775099	-0.371091	-0.030272	0.0380026	-0.0308233	-0.0104615	-0.488376	-0.0624017
P_Kans	-0.171279	0.347892	-0.00876006	-0.0722328	0.63156	0.134597	0.073103	0.302072	-0.140409	-0.0242029	0.0378438	-0.0584283	0.0648838	-0.500415	-0.015245	0.0513279	-0.0712143	0.0116068	0.160437	-0.0113552
P_Kans	-0.167803	0.444619	0.0184483	0.0279683	-0.0740964	-0.338751	-0.23949	-0.618886	0.136377	0.0349092	-0.00536494	0.0588551	-0.0511544	-0.121689	0.0241001	0.0128388	-0.0353231	0.0231318	0.385367	0.0116662
Cultivar2	0.0827753	-0.0135113	0.0981507	4.44772e-05	0.00248527	0.00128159	-0.000579087	0.00612022	0.00113383	0.00124006	-0.0776995	-0.00363816	-0.00259385	0.0051999	0.00159297	0.0627794	-0.0326638	0.00250383	0.00563748	0.0111402
Cultivar3	0.0762674	-0.00945702	-0.195951	0.0011957	-0.000186257	0.000694572	-0.00161435	-0.000585564	-0.000728782	-0.000689117	0.0466265	-0.00128006	-0.005491	-0.0106406	0.00886997	-0.166139	-0.0299396	0.000191696	-0.0192313	-0.0236116
Cultivar1	0.0834127	-0.0144245	0.15966	-0.002375	-0.00155598	0.0020081	0.00492885	-1.44907e-06	-0.00332518	-0.0119344	0.181029	0.0133807	0.00125754	0.0256657	-0.00129936	0.0306842	-0.119044	0.00265984	0.00280025	0.00434492
Cultivar1	0.082348	-0.0131711	0.158038	-0.00258791	0.00103047	-0.00170531	0.00361161	0.00217583	0.000159784	-0.0137807	0.0984359	0.00581325	0.00582857	0.0108555	0.00626223	0.0505028	-0.104941	-0.00324452	-0.0132376	-0.0270488
Cultivar3	0.0791625	-0.0108081	-0.0503672	0.00507921	0.00178019	0.00130015	-0.00713557	-0.0026135	-0.00397862	0.00217153	-0.104845	-0.00629065	-0.00352564	-0.000965315	-0.00535277	0.0157055	0.110499	0.00374935	-0.00693202	0.0163939
Cultivar2	0.0834538	-0.0145197	0.144603	0.00218645	0.00140174	-0.00252199	-0.00439667	0.00670473	-0.00518031	0.00727282	-0.0816745	-0.0049911	-0.00422642	-0.0261779	2.88537e-05	-0.207597	0.196316	0.000956798	0.0334652	-0.069952
Cultivar3	0.0805904	-0.0103225	-0.0277347	-0.00601568	-0.00432531	-0.00210979	-0.00344994	-0.00815562	-0.00800772	-0.0123494	0.14122	-0.000976142	0.00742086	-0.0673679	-0.0063109	-0.142288	0.226	-0.0070418	-0.031394	0.307342
Cultivar2	0.0829104	-0.0140286	0.0550141	-0.000572217	0.00769545	-0.00554078	-0.0086523	0.00743	-0.00633851	0.00566989	-0.143785	-0.00944728	-0.00512066	-0.0405711	0.00394457	-0.175554	0.285818	-0.00409907	0.0345	-0.0757012
Cultivar2	0.0830715	-0.0128993	0.073316	-0.000797786	0.00894623	-0.00889587	-0.00661449	0.00390385	-0.00535473	0.00614896	-0.106615	-0.00706238	-0.00470744	-0.0376117	0.00386613	-0.200759	0.235311	-0.00283859	0.029771	-0.118058
Cultivar2	0.0830272	-0.0133236	0.157292	-0.00039948	0.00463395	0.000106311	-0.000275299	0.00460416	-0.000666367	0.00530827	-0.108686	-0.00766487	-0.00175366	0.00327358	-0.00176814	0.0789464	-0.0609486	-0.00297679	0.000236801	-0.043946
Cultivar3	0.080938	-0.012804	-0.0164666	0.00294574	0.0053087	0.00481359	-0.0049643	0.00359748	0.00561699	0.017126	-0.307659	-0.0222111	-0.00118919	0.00257149	0.00449771	0.152686	-0.0799744	0.0031237	-0.0226755	0.119063
Cultivar3	0.0795339	-0.0112965	-0.12637	0.0034559	0.00742962	0.00408346	-0.00828989	0.0048206	0.00966646	0.0269482	-0.466772	-0.0276071	-0.00378265	-0.00764057	0.00310784	0.156775	-0.0209442	0.000926425	-0.0113312	0.133564
Cultivar2	0.0821221	-0.0133921	0.0889825	0.00149643	0.00462649	0.0011013	-0.00190641	0.00336554	0.000444899	0.00545701	-0.171272	-0.0112705	4.33299e-05	-0.0114315	-0.00123913	0.0763698	-0.0444956	-0.00672546	-0.0153949	0.0356828
Cultivar1	0.083061	-0.0136391	0.140683	-0.00101491	-0.00240654	0.000437945	-0.00123884	-0.00385294	0.00174287	-0.0004152	0.0294481	0.00155013	-0.00281837	0.00524159	-0.00341454	0.0633327	-0.109164	-0.000798601	-0.000535071	0.0227676
Cultivar3	0.0789278	-0.011332	-0.107855	-0.00249762	-0.00543913	0.0110085	0.0068022	-0.0197491	-0.00991223	-0.0117262	0.230255	0.0232534	0.0128252	0.0519038	0.00495426	0.342832	0.0211572	0.0212689	-0.0395237	0.27978
Cultivar3	0.0803882	-0.0115909	-0.041361	0.00238377	0.006814	0.0028682	-0.00480899	0.00520803	0.00536721	0.0201618	-0.372819	-0.0244709	0.00153824	-0.0106274	0.00799226	0.169394	-0.0807592	0.00526271	-0.0198238	0.122789
Cultivar2	0.0834662	-0.0138166	0.10954	0.000808119	0.00400336	-0.00318411	-0.00431331	0.00629344	-0.00469802	0.00642668	-0.102099	-0.00869732	-0.00523762	-0.0170776	-4.03168e-06	-0.0871483	0.14525	0.00163174	0.0227565	-0.061259
Cultivar3	0.0821898	-0.0128636	0.0632464	0.00061273	0.00563854	0.0023423	-0.0025277	0.00564799	0.000958489	0.00921169	-0.189896	-0.0140088	-0.000320021	0.0064739	-0.000157089	0.158566	-0.0863739	-0.00172807	-0.0220879	0.0660589
Cultivar2	0.0825123	-0.0130756	0.112518	-0.00157159	0.00191187	0.00184647	-0.00238237	0.00697948	0.000165283	0.00443092	-0.104022	-0.00691571	-0.00171162	0.00565766	0.00279434	0.0296917	-0.0257056	0.00128425	0.00757397	-0.0340984
Cultivar1	0.0824034	-0.0141735	0.158303	-0.00118744	-0.00323182	0.00266105	0.00211881	0.00217501	-0.00421492	-0.0063512	0.102633	0.0100248	-0.00112729	0.0227106	-0.0013006	0.0250223	-0.130979	0.00285226	-0.00656369	0.00936315
Cultivar2	0.0842896	-0.0135968	0.117307	0.000806255	0.00832677	-0.00777432	-0.00745188	0.00790293	-0.00633315	0.00451175	-0.102945	-0.00990748	-0.00698186	-0.0365548	-0.000126165	-0.20786	0.238086	-0.00826651	0.0337023	-0.14341
Cultivar2	0.0825825	-0.011865	0.0932514	0.000394824	0.00789899	-0.00557017	-0.00795502	0.00441217	-0.00177763	-0.0015052	-0.0737698	-0.00667815	-0.00475552	-0.0183913	0.00424613	-0.0935531	0.0752456	-0.00690824	0.011528	-0.100514
Cultivar1	0.0837343	-0.0139091	0.163621	-0.00173214	0.000397917	0.00020247	0.000633538	0.00288997	-0.00413694	-0.0101739	0.121163	0.00688618	-0.00271143	0.0125632	-0.00197435	0.00852453	-0.0533067	-0.000652153	-0.000340168	-0.0244519
Cultivar1	0.0839202	-0.0142568	0.216765	-0.00257193	-0.000114568	0.00170859	0.00176321	0.00427649	-0.00260389	-0.00798116	0.150038	0.00875098	-0.00303395	0.0203737	-0.00177731	-0.0205927	-0.119874	0.00391506	0.00417126	-0.0219873
Cultivar1	0.0831608	-0.0140029	0.202104	-0.00258407	-5.0982e-05	0.00404892	0.00194049	0.00241633	-0.00135856	-0.00312991	0.0265074	0.00228958	-0.00138021	0.0170726	-0.000112467	0.033896	-0.107175	0.00663565	-0.000713985	-0.00618035
Cultivar1	0.0835955	-0.0142783	0.163066	-0.00574401	-0.00300992	0.000372519	0.00271187	0.00287162	-0.00255206	-0.00982711	0.175956	0.0119389	-0.00366569	0.0219457	-0.00413984	-0.028659	-0.0883038	0.00576256	0.00503794	0.0243465
Cultivar1	0.0835594	-0.0142333	0.194406	-0.0033856	-0.00325975	0.00228041	0.00328401	0.00446608	-0.00381472	-0.0112541	0.16264	0.010954	0.000676433	0.0175624	-0.000818233	0.00748151	-0.129137	0.00275165	0.00193878	0.00468442
Cultivar1	0.0835223	-0.014256	0.166918	-0.00146879	0.000236759	0.00159971	0.00198695	0.000630957	-0.00352134	-0.0110801	0.174414	0.012049	-0.00256393	0.0185762	-0.00290962	-0.0474847	-0.0567442	0.00291861	0.000648144	0.00607704
Cultivar3	0.080754	-0.0118111	-0.0385242	-0.00252846	-0.000188845	0.00355709	0.00524656	-0.0116771	-0.00374056	-0.00808894	0.15945	0.0172891	0.00673092	0.0220249	-0.0103775	0.209368	0.0436165	-0.00992608	0.0125353	-0.109208
P_tc	0.0779607	-0.00983471	-0.21703	-0.00254143	0.00172783	0.00485723	0.00427117	-0.00269935	-0.00102873	-0.00853932	0.0988958	0.00900062	0.0300143	0.0217544	0.00214124	0.396042	0.281826	-0.025157	0.0313544	-0.442407
P_tc	0.0772391	-0.010407	-0.198433	-0.00128415	0.00024114	-8.07516e-05	0.0033215	0.00112557	-0.000598211	0.00821002	0.0408147	0.00325785	0.00551241	0.0470693	0.0035336	0.0313457	-0.194351	0.00714837	0.0103456	-0.136234
P_tc	0.0779003	-0.00980885	-0.181974	0.00502517	0.00481574	0.000608767	-0.00844947	-0.0148011	-0.00619476	-0.022548	0.175937	0.00653099	0.0112111	0.0463717	-0.0150235	0.382479	0.294094	-0.0131809	0.0709494	-0.0600222
P_tc	0.0775247	-0.0113268	-0.236858	-0.0034671	-0.00199116	0.00111989	-0.00896043	0.00675566	0.00368886	0.00982385	0.00578243	0.00434863	-0.00594861	0.0401869	0.00726323	-0.0730339	-0.232933	0.0563045	0.048714	0.404904
P_Dav	0.0788868	-0.00942987	-0.105827	0.00345828	0.00241317	-0.00693166	-0.00188841	-0.030708	-0.0193649	-0.0196222	0.187939	0.00653382	0.0123229	-0.126146	-0.0187408	-0.119123	0.402554	-0.0311843	-0.0700843	0.477133
P_Dav	-0.243042	-0.147895	0.00744882	0.0222579	0.129093	0.186484	0.746714	-0.379657	0.310328	-0.0786301	-0.029742	0.0758586	0.162453	0.0257688	-0.0808078	-0.0249588	0.00486305	-0.0168562	-0.0209098	-0.00211462
P_Dav	-0.241977	-0.133436	-0.00619489	-0.193812	-0.124214	-0.530408	0.00220855	0.427553	0.404362	-0.138701	-0.0151067	0.401234	0.144072	-0.124539	0.0675764	0.0177197	-0.00255693	0.0348287	-0.00779765	0.00325563
P_Dav	-0.242866	-0.143156	0.0029029	-0.183096	-0.00297797	-0.0328566	-0.00942458	0.0477573	0.108618	0.891837	0.0685236	-0.184569	-0.105704	-0.0120004	-0.0591959	0.0103806	0.0153357	0.0204703	-0.0402549	-0.00402558
